68
68
67
67
67
67
68
69
67
67
66
65
65
65
65
67
67
65
62
61
59
61
61
61
58
56
55
54
54
56
56
56
50
50
50
51
50
51
52
53
52
50
48
47
47
47
46
46
46
45
44
42
40
39
39
39
40
39
38
38
39
39
38
38
37
36
36
34
33
32
30
29
27
26
25
24
25
25
26
26
26
26
25
25
24
23
24
23
23
22
21
21
21
21
21
21
22
23
24
24
25
26
27
28
30
30
31
31
32
32
33
33
33
32
32
31
32
32
31
31
30
30
30
29
29
28
28
27
27
28
28
28
28
28
25
28
27
24
27
28
28
28
28
27
26
25
25
25
26
27
27
26
26
26
26
26
26
26
26
25
25
24
24
23
22
21
20
21
22
22
22
22
21
22
22
22
22
23
23
22
21
21
21
21
