415788
534347
499247
477315
599527
678209
1002572
960595
512662
518988
482495
372921
304800
385779
429687
380162
517136
607784
838430
809872
497982
498673
438846
326058
290181
405856
419190
350690
483371
566956
752608
899615
492023
462071
384651
312991
305027
419519
421906
373800
476341
579118
882972
770899
499710
474031
428942
321028
287153
429147
463587
385490
479097
558368
958029
812448
542086
527795
489438
374837
377629
536016
513444
450783
569269
653904
1056113
922566
591442
577647
500098
365373
375626
481277
453791
426394
527180
601936
979388
882738
549376
521476
422863
323285
360054
464320
465053
440962
512032
583695
914977
890924
550533
525231
442232
340900
383710
468185
463118
418605
506415
573989
871807
861698
570132
513738
444509
349431
374783
494175
465060
422112
540746
617153
879833
893959
602580
568841
497969
373707
408533
517478
565454
459016
544180
636247
921954
933146
593190
590141
506609
392095
382397
521348
501846
482236
575968
616578
841743
874520
609592
607408
525668
389044
416227
519187
538470
520606
613321
689189
966587
1030949
683163
680908
606695
462817
543592
681488
647470
578675
681552
780027
1130851
1190823
779428
725111
615965
501586
576902
702199
691630
623418
766946
845002
1232185
1240725
787801
734525
641287
508372
607131
